E_0 = 0.568427
E_1 = 0.721998
E_2 = 1.600269