E_0 = 0.2108095
E_1 = 0.2890961
E_2 = 0.6536003